0.9547145858583697
0.8998149710234036
0.05483315477848827
0.8631956774259448
0.9184761149056598
0.022287615717004106
0.41210660169068136
0.2535267661978172
0.7171386290153089
0.5062305957961605
0.5679838269361497
0.590677358057071
0.903701011157352
0.9089400346422378
0.4528131477294617
0.39351287771265153
0.9095235841087755
0.000458182659712425
0.27072424969700526
0.48358282763423754
0.5534327301717061
0.7043777200959285
0.4830204190501818
0.655889489993091
0.9850625648530856
0.7571414906656296
0.4496815796388326
0.08992276122897058
0.6108721101892133
0.8279812330794035
0.24317435291743617
0.815929930886332
0.36052900969072776
0.8522925909731625
0.1746135916184287
0.7012206975332284
0.3185189266334225
0.3516492284360292
0.33038981530082256
0.023825473639026873
0.5267913936413494
0.29716392367451405
0.500364323777865
0.9734056283787207
0.5017203486711784
0.7354091351998898
0.5591206987281743
0.3397588969005254
0.5728922822685099
0.09439405052066507
0.42747051384538304
0.4809704866659682
0.47657597467347335
